     0/199     1.42G   0.04599   0.01762   0.03363   0.09724         4       640    0.1282    0.5187    0.2621     0.178   0.02743  0.008912   0.02116
     1/199     7.26G   0.03144   0.01288   0.02806   0.07238         2       640    0.6751    0.4499    0.5683    0.2831   0.02673  0.005266   0.01817
     2/199     10.4G   0.03013   0.01049   0.02304   0.06366         3       640    0.8497    0.5653    0.6468     0.447   0.02529  0.004574   0.01607
     3/199     10.4G   0.03034   0.01059   0.02296   0.06389         6       640    0.7131    0.3751     0.456    0.2727   0.02974  0.005842   0.01846
     4/199     10.4G   0.02884   0.01125   0.02238   0.06248         1       640    0.7022    0.5114    0.5075    0.3153   0.03128  0.004946   0.01581
     5/199     10.4G   0.02721   0.01075   0.02067   0.05864         2       640    0.7511    0.5212    0.6221    0.4177   0.03332  0.004379   0.01488
     6/199     10.4G   0.02598   0.01067   0.01936   0.05601         5       640    0.4409    0.7506    0.6633    0.4619    0.0323  0.004296   0.01385
     7/199     10.4G   0.02441   0.01023   0.01811   0.05276         4       640    0.6172    0.7608    0.7432    0.5087   0.03146  0.004032   0.01324
     8/199     10.4G   0.02194  0.009917   0.01682   0.04868         3       640    0.8066    0.6664    0.7423    0.5111   0.03016  0.004181   0.01357
     9/199     10.4G   0.02304   0.01002   0.01693      0.05         5       640    0.6103    0.8052    0.7541    0.5411   0.03017  0.004311   0.01258
    10/199     10.4G   0.02333  0.009798   0.01604   0.04917         1       640    0.6349    0.7685    0.7618    0.5266   0.03137  0.004411   0.01303
    11/199     10.4G   0.02329    0.0098   0.01661    0.0497         1       640    0.7122    0.7196    0.7808    0.5392   0.02699   0.00424   0.01216
    12/199     10.4G   0.02298   0.00998   0.01608   0.04904         9       640    0.6138     0.793    0.7807    0.5516   0.02597  0.004363   0.01227
    13/199     10.4G   0.02245  0.009639   0.01587   0.04796         1       640     0.742    0.7212    0.7918     0.543   0.02699  0.004334   0.01136
    14/199     10.4G   0.02282  0.009702   0.01549   0.04801         4       640    0.7275    0.7662    0.7818    0.5657   0.02673  0.004238   0.01105
    15/199     10.4G   0.02336   0.00969   0.01573   0.04877         4       640    0.7804    0.7498    0.7926     0.552   0.02601  0.004108   0.01189
    16/199     10.4G   0.02303  0.009776   0.01594   0.04875         4       640    0.7201    0.7448    0.7414    0.5302   0.02859   0.00439   0.01248
    17/199     10.4G   0.02321  0.009504   0.01551   0.04823         4       640    0.6652    0.8056    0.7898    0.5784   0.02667  0.004245   0.01126
    18/199     10.4G   0.02045  0.009353   0.01414   0.04394         4       640    0.7155    0.6905    0.7585    0.5374   0.02481  0.004439   0.01219
    19/199     10.4G   0.02075  0.009491   0.01432   0.04457         2       640    0.7759    0.8148    0.8178    0.5774   0.02448  0.004256   0.00987
    20/199     10.4G   0.02206  0.009599   0.01497   0.04663         5       640    0.7041    0.8478    0.8471    0.6058   0.02454  0.004345   0.01049
    21/199     10.4G   0.02101  0.009515   0.01432   0.04484         7       640    0.7089    0.8413     0.837    0.5859   0.02288  0.004391   0.01018
    22/199     10.4G   0.02152  0.009472   0.01483   0.04582         4       640     0.803    0.7784    0.8447     0.604   0.02438  0.004274    0.0103
    23/199     10.4G   0.02132  0.009265   0.01378   0.04437         2       640    0.8439    0.8401    0.8751    0.6353   0.02294  0.004238  0.009105
    24/199     10.4G    0.0217  0.009201   0.01421   0.04511         1       640    0.7653    0.8254    0.8461    0.6095   0.02321  0.004308   0.01038
    25/199     10.4G   0.02209   0.00937    0.0149   0.04635         2       640    0.7258    0.8108    0.8287     0.596   0.02388  0.004362   0.01006
    26/199     10.4G   0.02074  0.009409   0.01388   0.04403         8       640    0.6815    0.8131     0.793    0.5844   0.02391  0.004411  0.009115
    27/199     10.4G   0.02071  0.009443   0.01331   0.04346         1       640    0.7049    0.8952    0.8561    0.6237   0.02385  0.004225  0.009714
    28/199     10.4G    0.0219  0.009377   0.01436   0.04564         4       640    0.7318    0.8166    0.8476    0.6096   0.02282  0.004346  0.009914
    29/199     10.4G   0.02071  0.009359   0.01349   0.04356         6       640    0.7969    0.8298     0.872     0.629   0.02279  0.004178  0.009096
    30/199     10.4G   0.01959  0.009162   0.01338   0.04214         4       640     0.802    0.7747    0.8467    0.6198   0.02201  0.004352  0.009671
    31/199     10.4G   0.02097  0.009093   0.01355   0.04361         1       640    0.7684    0.8176    0.8504     0.614   0.02105  0.004305  0.009273
    32/199     10.4G   0.02118  0.009304   0.01363   0.04411         3       640    0.8903    0.7497    0.8713    0.6399   0.02182  0.004258  0.009397
    33/199     10.4G   0.02143   0.00894   0.01289   0.04326         3       640    0.7434    0.8472    0.8577    0.6253   0.02058  0.004385  0.009546
    34/199     10.4G   0.02127  0.009221   0.01319   0.04368         4       640    0.7704    0.8952     0.891    0.6325   0.02209  0.004424  0.008625
    35/199     10.4G   0.02125  0.009012   0.01351   0.04377         2       640     0.768    0.8461    0.8486    0.6145   0.02151  0.004399  0.008603
    36/199     10.4G   0.02176  0.009099   0.01313   0.04398         2       640    0.8072    0.8379    0.8785     0.636   0.02231  0.004312  0.007956
    37/199     10.4G   0.02031  0.009288   0.01264   0.04224         4       640    0.8455    0.7868    0.8745    0.6281   0.02173  0.004269  0.008302
    38/199     10.4G   0.02085  0.008791   0.01318   0.04282         2       640    0.7787    0.8059     0.859    0.6286   0.02217  0.004338  0.008524
    39/199     10.4G   0.02084  0.008921   0.01235   0.04211         3       640    0.8096     0.784    0.8698    0.6169    0.0226  0.004333  0.009948
    40/199     10.4G   0.02169  0.009049   0.01333   0.04407         3       640    0.7959    0.7714    0.8308    0.5885   0.02145  0.004353  0.008949
    41/199     10.4G   0.02091  0.009264   0.01249   0.04266        10       640    0.7593    0.8482    0.8566    0.6164     0.022  0.004564  0.008313
    42/199     10.4G   0.02016  0.008678   0.01203   0.04088         2       640    0.8704    0.7524     0.867    0.6496   0.02123  0.004317  0.008872
    43/199     10.4G   0.01981  0.008734   0.01182   0.04036         4       640    0.8172    0.8419     0.872    0.6347   0.02266  0.004399  0.008622
    44/199     10.4G   0.02029   0.00891   0.01231   0.04151         4       640    0.7554    0.8718    0.8784    0.6414   0.02097  0.004473  0.008343
    45/199     10.4G    0.0204  0.008775   0.01197   0.04115         4       640    0.8402    0.8108    0.8819    0.6547   0.02079  0.004302  0.008249
    46/199     10.4G   0.01956  0.008841   0.01212   0.04052         4       640    0.8404     0.825    0.8886    0.6525   0.02023  0.004498  0.008477
    47/199     10.4G   0.01998  0.008952   0.01218   0.04111         4       640    0.8532     0.855    0.8941    0.6622   0.02123  0.004344  0.008037
    48/199     10.4G   0.02095  0.008882   0.01252   0.04235         4       640    0.8241     0.825    0.8719     0.651   0.02133  0.004342  0.008485
    49/199     10.4G   0.01944   0.00864    0.0121   0.04017         1       640    0.8481    0.7998    0.8851    0.6419   0.02066  0.004263  0.008633
    50/199     10.4G   0.02086  0.009004   0.01247   0.04233         2       640    0.9037    0.7385    0.8864    0.6582   0.01938  0.004508   0.00769
    51/199     10.4G   0.02133  0.009031   0.01249   0.04285         4       640    0.8469    0.8275    0.9063    0.6629   0.02101  0.004384  0.007533
    52/199     10.4G   0.02097  0.008803   0.01296   0.04273         4       640    0.8598    0.7982    0.8741    0.6531   0.02036  0.004386  0.007707
    53/199     10.4G   0.02049  0.008744   0.01215   0.04137         8       640     0.864    0.8313    0.9028    0.6545    0.0204  0.004335  0.008053
    54/199     10.4G   0.01998  0.008671   0.01171   0.04036         3       640    0.7514    0.8426     0.878    0.6504   0.01969  0.004412  0.007161
    55/199     10.4G   0.01946  0.008845   0.01184   0.04015         4       640    0.9176    0.8083    0.9102    0.6654   0.01904  0.004308  0.005662
    56/199     10.4G   0.02033  0.008859   0.01158   0.04078         4       640    0.8491    0.8419    0.9061    0.6698    0.0192  0.004431  0.006847
    57/199     10.4G   0.02065  0.008748   0.01217   0.04156         4       640     0.882    0.8059    0.9092    0.6721   0.02032  0.004388  0.006918
    58/199     10.4G   0.02072  0.008693   0.01208    0.0415         2       640     0.837    0.8646     0.912    0.6535   0.01934  0.004456  0.007142
    59/199     10.4G   0.02164  0.008952   0.01321    0.0438         2       640    0.8862    0.8283     0.908    0.6614   0.01967  0.004526  0.007442
    60/199     10.4G   0.02051  0.008801    0.0125   0.04181         2       640    0.9025    0.8748    0.9238    0.6739   0.01945   0.00442  0.006908
    61/199     10.4G   0.02049    0.0089   0.01263   0.04202         2       640    0.8572    0.8741    0.9193     0.697   0.01986  0.004347  0.006469
    62/199     10.4G   0.02023  0.008714   0.01182   0.04076         2       640    0.8858    0.8399    0.9213    0.6817   0.02114  0.004278  0.005313
    63/199     10.4G   0.01928  0.008775   0.01122   0.03928         2       640    0.8505    0.8166    0.9031    0.6599   0.02066  0.004546  0.006702
    64/199     10.4G   0.01888  0.008408   0.01084   0.03813         3       640    0.8629    0.8788    0.9251    0.6663   0.02036  0.004477  0.006923
    65/199     10.4G   0.01943  0.008597   0.01181   0.03984         1       640     0.867    0.9092    0.9345    0.6981   0.02096  0.004417  0.006528
    66/199     10.4G   0.01947  0.008596   0.01152   0.03958         2       640    0.8657     0.868    0.9185    0.6815   0.02003  0.004356  0.007134
    67/199     10.4G   0.01886  0.008653    0.0112   0.03871         4       640    0.8694    0.8106    0.9115    0.6676   0.02041   0.00435  0.006054
    68/199     1.62G   0.01955  0.008676   0.01148   0.03971         4       640    0.8446    0.8669    0.9025    0.6625   0.02019  0.004454  0.006675
    69/199      6.6G   0.01895  0.008278   0.01099   0.03822         2       640     0.909    0.7926    0.9066     0.683   0.02021  0.004411   0.00643
    70/199     9.68G   0.02011  0.008332    0.0118   0.04024         3       640    0.8408    0.7961    0.8881    0.6505    0.0213  0.004464  0.006634
    71/199     9.68G   0.01955  0.008722   0.01208   0.04035         6       640    0.8824    0.8519    0.9264    0.6932   0.02024  0.004269  0.006116
    72/199     9.68G    0.0193  0.008428   0.01123   0.03897         1       640    0.9447    0.8559    0.9421     0.705   0.01864   0.00455  0.004938
    73/199     9.68G   0.01883  0.008325   0.01104    0.0382         2       640    0.8846    0.8703    0.9239    0.7001   0.01966  0.004298   0.00603
    74/199     9.68G    0.0194  0.008557   0.01158   0.03953         5       640    0.8912    0.8348    0.9052      0.69   0.01982  0.004353  0.007009
    75/199     9.68G   0.01986  0.008526   0.01216   0.04054         4       640    0.8403    0.8874    0.9086    0.6689   0.02047  0.004396  0.006216
    76/199     9.68G   0.01835  0.008227    0.0112   0.03778         3       640    0.8943    0.8767    0.9422    0.6994   0.01935  0.004326  0.005346
    77/199     9.68G   0.01914  0.008392     0.011   0.03853         5       640    0.8612    0.8618    0.9165    0.6903   0.01947  0.004361  0.006102
    78/199     9.68G   0.01851    0.0083   0.01044   0.03725         1       640    0.8637    0.8326    0.8959    0.6666      0.02   0.00454  0.007981
    79/199     9.68G   0.01892  0.008301   0.01118    0.0384         1       640    0.9081    0.8295    0.9132    0.6754   0.02034  0.004571   0.00754
    80/199     9.68G   0.01915  0.008618   0.01094    0.0387         9       640     0.905     0.859    0.9338       0.7   0.01982  0.004488  0.006334
    81/199     9.68G    0.0183  0.008267   0.01064   0.03721         1       640    0.8549    0.8986    0.9263     0.681   0.02049   0.00445  0.006195
    82/199     9.68G   0.01828  0.008334    0.0103   0.03691         4       640    0.9072    0.8586    0.9264    0.6951   0.02017  0.004333  0.006466
    83/199     9.68G   0.01899  0.008338   0.01074   0.03806         4       640    0.8614    0.9273    0.9399    0.7006    0.0195  0.004345  0.006667
    84/199     9.68G   0.01887   0.00842    0.0109   0.03819         4       640    0.8992    0.8852    0.9368    0.6815   0.02003  0.004471  0.006236
    85/199     9.68G   0.01948  0.008154   0.01077    0.0384         4       640    0.9242    0.8799    0.9339    0.6789   0.02175  0.004513  0.006754
    86/199     9.68G   0.01746  0.008104   0.01019   0.03575         4       640    0.8934    0.8768    0.9411    0.7036   0.01844  0.004456  0.007193
    87/199     9.68G   0.01736  0.008227  0.009958   0.03554         2       640    0.9271    0.8557    0.9336    0.6975   0.01803  0.004556  0.006694
    88/199     9.68G   0.01832  0.008264   0.01097   0.03756         5       640    0.8951    0.8734    0.9442    0.7175   0.01739  0.004459  0.007146
    89/199     9.68G   0.01846  0.008205   0.01055   0.03722         7       640    0.8567    0.9074     0.943    0.7221   0.01724  0.004442  0.006154
    90/199     9.68G   0.01867   0.00817   0.01064   0.03748         4       640    0.9138    0.8622    0.9298    0.7043   0.01739  0.004512  0.006575
    91/199     9.68G   0.01809  0.008011  0.009846   0.03594         2       640    0.9322    0.8734    0.9246    0.7029   0.01729  0.004486  0.006213
    92/199     9.68G   0.01785  0.007948  0.009987   0.03578         1       640    0.9079    0.8723    0.9347    0.7202   0.01854  0.004349  0.006321
    93/199     9.68G   0.01777  0.008128   0.01036   0.03626         2       640    0.9359    0.8532    0.9401     0.696   0.01847  0.004461  0.006035
    94/199     9.68G   0.01746  0.008159  0.009938   0.03555         8       640    0.8496    0.9158    0.9352    0.6961   0.01674  0.004628  0.005766
    95/199     9.68G    0.0174  0.008154  0.009368   0.03492         1       640    0.8922     0.895    0.9328    0.7055   0.01714  0.004422  0.005866
    96/199     9.68G   0.01815  0.008014   0.01033   0.03649         4       640    0.8849    0.8258    0.9099    0.6748    0.0163  0.004626    0.0067
    97/199     9.68G   0.01753  0.008102  0.009901   0.03553         6       640    0.9304    0.8681    0.9509    0.7243   0.01778  0.004347  0.006119
    98/199     9.68G   0.01714  0.007965  0.009951   0.03505         4       640     0.897    0.8873    0.9483     0.716   0.01701  0.004584   0.00679
    99/199     1.83G   0.01857  0.008182   0.01063   0.03738         4       640    0.8423    0.8698    0.9135    0.7001   0.01664  0.004466   0.00925
   100/199     6.74G   0.01688  0.007684  0.009465   0.03403         2       640     0.844    0.9218    0.9378    0.7124   0.01671   0.00446  0.006514
   101/199     9.82G   0.01796  0.007758  0.009833   0.03555         3       640    0.8656    0.8939    0.9453    0.7162   0.01752  0.004668  0.006523
   102/199     9.82G   0.01793  0.008035    0.0101   0.03607         6       640    0.9395    0.8714    0.9352      0.71   0.01809  0.004463  0.006056
   103/199     9.82G   0.01783   0.00779  0.009572   0.03519         1       640    0.8942    0.8987    0.9433    0.7183    0.0173  0.004567  0.006422
   104/199     9.82G    0.0178   0.00774  0.009559   0.03509         2       640    0.9574    0.8582    0.9353    0.7207   0.01703  0.004386  0.005676
   105/199     9.82G   0.01754  0.007962  0.009468   0.03497         5       640    0.9073    0.8746    0.9502    0.7279    0.0173  0.004431  0.005648
   106/199     9.82G   0.01789  0.007864   0.01021   0.03597         4       640    0.8782    0.8754    0.9475    0.7119   0.01793  0.004427  0.005812
   107/199     9.82G   0.01646  0.007687  0.008996   0.03314         3       640    0.8925     0.899    0.9511    0.7087   0.01743  0.004441  0.006422
   108/199     9.82G   0.01797  0.007809  0.009443   0.03522         5       640    0.8901    0.8794    0.9434    0.7086   0.01859  0.004629  0.006592
   109/199     9.82G   0.01699  0.007757  0.008782   0.03352         1       640    0.8659    0.8998    0.9461    0.7233     0.016  0.004672   0.00677
   110/199     9.82G   0.01679  0.007719  0.008977   0.03348         1       640     0.853    0.8813     0.937    0.7152   0.01649  0.004803  0.007326
   111/199     9.82G   0.01711  0.007992  0.009226   0.03433         9       640    0.9084    0.8706    0.9429     0.708   0.01664  0.004645  0.006885
   112/199     9.82G   0.01691  0.007725  0.009126   0.03376         1       640    0.9223    0.8716    0.9315    0.7104   0.01674  0.004478  0.006639
   113/199     9.82G   0.01682  0.007774  0.008444   0.03303         4       640    0.9047    0.9045    0.9317    0.7056   0.01653  0.004461   0.00645
   114/199     9.82G   0.01761  0.007799   0.00915   0.03456         4       640    0.9366    0.8539    0.9414    0.7231   0.01646  0.004467  0.006945
   115/199     9.82G   0.01744  0.007748   0.00933   0.03452         4       640    0.8312    0.9163    0.9427    0.7081   0.01719  0.004617  0.006371
   116/199     9.82G   0.01768  0.007554  0.009436   0.03467         4       640    0.9505    0.8786    0.9411    0.7139   0.01717   0.00459  0.006432
   117/199     9.82G   0.01619  0.007512  0.008521   0.03222         4       640    0.9314    0.8895    0.9551    0.7315   0.01776  0.004523  0.005899
   118/199     9.82G   0.01621  0.007556   0.00834    0.0321         2       640    0.8753    0.8876    0.9383    0.7099   0.01659  0.004593  0.006253
   119/199     9.82G   0.01708  0.007638  0.008771   0.03349         5       640    0.9198    0.8955     0.953    0.7252   0.01615  0.004715   0.00736
   120/199     9.82G    0.0171  0.007615  0.009006   0.03372         7       640    0.9045    0.8949    0.9513    0.7105   0.01653  0.004605  0.006209
   121/199     9.82G   0.01701  0.007717  0.009059   0.03379         4       640    0.9207    0.8876    0.9514    0.7102   0.01705  0.004634  0.005847
   122/199     9.82G   0.01666  0.007435   0.00828   0.03238         2       640    0.8876    0.9005    0.9446    0.7174   0.01618  0.004561  0.005706
   123/199     9.82G   0.01648  0.007436  0.008524   0.03244         1       640      0.93    0.8816    0.9448    0.7141   0.01637   0.00447  0.006155
   124/199     9.82G   0.01657  0.007564  0.008934   0.03307         2       640    0.9034     0.892    0.9473    0.7095     0.017  0.004554  0.006724
   125/199     9.82G   0.01576  0.007625  0.008645   0.03203         8       640    0.8521    0.9247    0.9295    0.6851   0.01558  0.004806  0.006272
   126/199     9.82G   0.01572  0.007612  0.008066    0.0314         1       640    0.8987    0.8946    0.9333    0.7027   0.01708  0.004582  0.006606
   127/199     9.82G   0.01665  0.007431   0.00847   0.03255         4       640    0.8554    0.9465    0.9393    0.7172   0.01666  0.004584  0.005766
   128/199     9.82G    0.0164  0.007563  0.008329   0.03229         6       640     0.895    0.8838    0.9184    0.6913   0.01798  0.004489  0.007276
   129/199     9.82G   0.01574  0.007456  0.008225   0.03142         4       640    0.8767    0.9499    0.9533    0.7246   0.01704   0.00461  0.006192
   130/199     9.82G   0.01682  0.007619  0.008931   0.03337         1       640    0.8993    0.9077    0.9519    0.7323   0.01701  0.004557  0.006109
   131/199     9.82G   0.01688  0.007851  0.009062   0.03379         3       640    0.9317    0.8843    0.9499    0.7448   0.01716  0.004373  0.005771
   132/199     9.82G   0.01738  0.007526  0.008952   0.03386         3       640    0.9021    0.8859    0.9427    0.7174   0.01738  0.004414  0.006433
   133/199     9.82G   0.01714  0.007772  0.009058   0.03397         4       640    0.8813    0.9342    0.9512    0.7289    0.0168  0.004449  0.006281
   134/199     9.82G   0.01709  0.007603   0.00935   0.03404         2       640    0.9205    0.9311    0.9584    0.7357   0.01671  0.004559  0.005907
   135/199     9.82G   0.01728  0.007586  0.009175   0.03405         2       640    0.9187    0.9274    0.9611    0.7436   0.01638  0.004527  0.006441
   136/199     9.82G   0.01606  0.007756  0.008406   0.03222         4       640    0.9253    0.8966    0.9546    0.7307   0.01681  0.004589  0.006478
   137/199     9.82G   0.01658  0.007342  0.009187   0.03311         2       640    0.9178    0.9018    0.9504     0.731   0.01611  0.004524  0.006104
   138/199     9.82G   0.01711  0.007525  0.009008   0.03364         3       640    0.9479    0.8973    0.9639    0.7558    0.0163  0.004315  0.005898
   139/199     9.82G   0.01705  0.007692  0.008852    0.0336         3       640    0.9124    0.9186    0.9618    0.7377    0.0163  0.004484  0.006042
   140/199     9.82G   0.01691  0.007809  0.008623   0.03335        10       640    0.9104    0.8904    0.9597    0.7325   0.01667   0.00451  0.005333
   141/199     9.82G   0.01629  0.007247  0.008377   0.03191         2       640    0.9397    0.8771    0.9594    0.7283   0.01596  0.004567  0.005223
   142/199     9.82G   0.01632  0.007312  0.008616   0.03225         4       640    0.9316    0.8902    0.9514    0.7328   0.01557  0.004502  0.005082
   143/199     9.82G   0.01648   0.00765  0.008927   0.03306         4       640    0.9276     0.893     0.961    0.7428    0.0154  0.004517  0.005104
   144/199     9.82G   0.01623  0.007427  0.008427   0.03209         4       640    0.9259    0.9166    0.9676    0.7332   0.01558  0.004473  0.005974
   145/199     9.82G   0.01618  0.007444  0.008262   0.03189         4       640    0.9438    0.8791    0.9618    0.7483   0.01567  0.004528  0.006058
   146/199     9.82G   0.01644  0.007552  0.008423   0.03242         4       640    0.9399    0.8934    0.9622    0.7561   0.01509  0.004539  0.005839
   147/199     9.82G   0.01701  0.007527  0.008658    0.0332         4       640    0.9251    0.9086    0.9665    0.7552   0.01501  0.004508  0.005599
   148/199     9.82G   0.01582  0.007289  0.008044   0.03115         1       640    0.9155    0.9165    0.9647    0.7345   0.01558   0.00457  0.005155
   149/199     9.82G    0.0165  0.007568  0.008684   0.03275         2       640    0.9052    0.9444    0.9649    0.7493   0.01547   0.00462  0.005432
   150/199     9.82G   0.01766  0.007519  0.008937   0.03412         4       640    0.9178    0.9281    0.9596    0.7285   0.01601  0.004684  0.005498
   151/199     9.82G    0.0165  0.007326   0.00866   0.03248         4       640    0.9244    0.9011    0.9504    0.7289   0.01605  0.004633   0.00548
   152/199     9.82G   0.01624  0.007365  0.008463   0.03207         8       640     0.907    0.9226    0.9562    0.7509   0.01542  0.004607  0.005804
   153/199     9.82G   0.01587  0.007288  0.007958   0.03111         3       640    0.9157    0.9133    0.9556    0.7419    0.0152  0.004647  0.005761
   154/199     9.82G   0.01588  0.007366  0.008171   0.03142         4       640    0.9542    0.9012    0.9558    0.7315   0.01499  0.004737  0.005742
   155/199     9.82G   0.01637  0.007445  0.008085    0.0319         4       640    0.9423    0.8973    0.9597    0.7446   0.01567  0.004719  0.005665
   156/199     9.82G   0.01686  0.007352  0.008463   0.03267         4       640    0.9028    0.9243    0.9611    0.7449   0.01582  0.004663  0.005735
   157/199     9.82G   0.01649  0.007273  0.008228   0.03199         2       640    0.9431    0.8727    0.9541    0.7359   0.01579  0.004663  0.005946
   158/199     9.82G   0.01678  0.007463  0.008891   0.03314         2       640     0.926    0.8965    0.9545     0.735   0.01553  0.004713  0.006067
   159/199     9.82G   0.01636   0.00733  0.008329   0.03202         2       640    0.9373    0.8751    0.9499    0.7369   0.01547  0.004665  0.006047
   160/199     9.82G   0.01665  0.007403  0.008506   0.03256         2       640    0.9377    0.9211    0.9596    0.7393   0.01519  0.004651  0.005406
   161/199     9.82G   0.01581  0.007251  0.008125   0.03119         2       640    0.9186    0.9227    0.9539    0.7415   0.01508  0.004601  0.005182
   162/199     9.82G   0.01563  0.007369  0.007688   0.03069         2       640    0.9297    0.8915    0.9442    0.7327   0.01531  0.004517    0.0058
   163/199     9.82G   0.01507  0.007032  0.007299    0.0294         3       640    0.9289    0.8963    0.9523      0.74   0.01507  0.004576   0.00562
   164/199     9.82G   0.01564  0.007217  0.008149   0.03101         1       640    0.9261    0.9046     0.954    0.7335   0.01517   0.00466   0.00578
   165/199     9.82G   0.01561  0.007181  0.007772   0.03057         2       640    0.9301    0.8683    0.9392     0.728   0.01527  0.004674  0.005979
   166/199     9.82G    0.0158  0.007223  0.008093   0.03112         4       640    0.8934    0.9062     0.946    0.7349   0.01563  0.004679  0.005863
   167/199     9.82G   0.01683  0.007547  0.008795   0.03318         4       640    0.9285    0.8635    0.9475    0.7279   0.01591  0.004727  0.005814
   168/199     9.82G   0.01634  0.007569  0.008849   0.03276         7       640    0.9286    0.9074    0.9521    0.7279   0.01575  0.004609  0.005531
   169/199     9.82G   0.01544  0.007217  0.008199   0.03086         2       640    0.9329    0.9106    0.9524    0.7269   0.01558  0.004599   0.00521
   170/199     9.82G   0.01642  0.007358  0.008815   0.03259         1       640    0.9308     0.902    0.9516    0.7348    0.0157  0.004605  0.005173
   171/199     9.82G   0.01612  0.007229  0.008155    0.0315         6       640    0.9134    0.9063    0.9515    0.7303   0.01644   0.00456  0.005467
   172/199     9.82G   0.01537  0.007383  0.008034   0.03078         3       640    0.9236    0.8912    0.9501    0.7346   0.01598  0.004599  0.006221
   173/199     9.82G   0.01585  0.007191  0.007758    0.0308         0       640    0.9376    0.8939    0.9528    0.7439    0.0154  0.004587   0.00582
   174/199     9.82G    0.0162  0.007435  0.008601   0.03224         4       640    0.9411    0.8879    0.9519    0.7425   0.01527  0.004664   0.00577
   175/199     9.82G   0.01574  0.007004  0.007919   0.03066         2       640    0.9459    0.9217    0.9533    0.7407    0.0155  0.004627  0.005852
   176/199     9.82G   0.01494  0.007241  0.007934   0.03012         4       640    0.9466     0.906    0.9538    0.7364   0.01526  0.004638  0.006097
   177/199     9.82G   0.01569   0.00733  0.007953   0.03097         3       640     0.925    0.9085    0.9546    0.7382   0.01525  0.004695  0.006045
   178/199     9.82G    0.0157  0.007331  0.007946   0.03098         2       640     0.936    0.8947    0.9452    0.7332   0.01539  0.004648  0.006351
   179/199     9.82G   0.01534  0.007274  0.008089    0.0307         4       640    0.9321    0.8921    0.9513    0.7395   0.01541  0.004588   0.00598
   180/199     9.82G    0.0161  0.007226  0.007912   0.03124         4       640    0.9302    0.8979    0.9562    0.7398   0.01545  0.004686  0.005753
   181/199     9.82G   0.01621  0.007157  0.008528   0.03189         5       640    0.9238    0.9233    0.9635    0.7483   0.01527  0.004696  0.006019
   182/199     9.82G   0.01616  0.007382  0.008517   0.03206         4       640    0.9375    0.8988    0.9558    0.7446   0.01534  0.004698  0.005871
   183/199     9.82G   0.01479  0.007046  0.007458   0.02929         4       640     0.934    0.9054    0.9548    0.7416   0.01508  0.004726  0.005411
   184/199     9.82G     0.016  0.007262  0.008595   0.03185         9       640    0.9082    0.9271    0.9507     0.731   0.01489  0.004776  0.005679
   185/199     9.82G   0.01566  0.007341  0.008194   0.03119         5       640    0.9317    0.8936    0.9514    0.7404   0.01516  0.004719   0.00576
   186/199     9.82G   0.01572  0.007166  0.008255   0.03114         3       640    0.9293    0.8874    0.9525    0.7311    0.0151  0.004749  0.005716
   187/199     9.82G   0.01557  0.007113  0.008265   0.03095         1       640    0.9261    0.9057    0.9484     0.733   0.01529   0.00472  0.005557
   188/199     9.82G   0.01561  0.007256  0.007945   0.03081         3       640     0.921    0.9196    0.9518    0.7421   0.01535  0.004621  0.005357
   189/199     9.82G   0.01537  0.006989  0.007739    0.0301         4       640    0.9358    0.9178    0.9594    0.7545   0.01508  0.004626  0.005597
   190/199     9.82G   0.01565  0.007247  0.007758   0.03066         4       640    0.9116    0.9299    0.9642    0.7558   0.01525  0.004612  0.005878
   191/199     9.82G   0.01502  0.007041  0.008072   0.03013         4       640    0.9185    0.9196    0.9585    0.7461   0.01525   0.00465  0.005688
   192/199     9.82G   0.01583  0.006952  0.008225   0.03101         3       640    0.9368    0.9161    0.9603    0.7518   0.01509  0.004609  0.005598
   193/199     9.82G   0.01465  0.007122  0.007662   0.02944         4       640    0.9115    0.9154    0.9573    0.7458   0.01485  0.004608  0.005726
   194/199     9.82G   0.01572  0.007359  0.008039   0.03112         3       640    0.9027    0.9191    0.9578    0.7515   0.01482  0.004598  0.005648
   195/199     9.82G   0.01572  0.007089  0.008172   0.03098         9       640    0.8944    0.9268    0.9611    0.7474   0.01533  0.004613  0.005556
   196/199     9.82G   0.01586  0.007192   0.00869   0.03175         2       640    0.9059    0.9057    0.9576    0.7468   0.01604  0.004578  0.005531
   197/199     9.82G   0.01539  0.007079  0.007901   0.03037         1       640    0.9515    0.8726    0.9617     0.746   0.01581   0.00459  0.005505
   198/199     9.82G   0.01553  0.007064  0.008167   0.03076         4       640    0.9084    0.9251    0.9515    0.7414   0.01549  0.004611  0.005501
   199/199     9.82G   0.01535  0.006957  0.007158   0.02947         4       640    0.8937    0.9078    0.9459    0.7395   0.01531  0.004597   0.00558
